tau_state_action_values

[[-2.01708338  0.        ]
 [-2.96940986  0.        ]
 [-3.27455749  0.        ]
 [-3.46133259  0.        ]
 [-5.04621449  0.        ]
 [-4.6291667   0.        ]
 [-6.7239234   0.        ]
 [-5.90702033  0.        ]
 [-5.72649421  0.        ]
 [-4.57218175  0.        ]]


self.n_state_action_values

[[ -0.7521544  -20.28950127 -25.22695333 -40.15558096 -43.01377944
  -36.39286272 -17.9389      -8.977        0.           0.        ]
 [ -0.93705994 -20.35703146 -25.622499   -33.38744493 -38.58486538
  -34.01766984 -11.1298      -8.788        0.           0.        ]
 [ -1.1475268  -21.148895   -25.69280391 -35.44701224 -41.60617591
  -34.03103738 -12.9264      -8.376        0.           0.        ]
 [ -0.95975566 -22.87974725 -17.52878483 -35.25024025 -42.23074229
  -37.4857532  -11.773        0.           0.           0.        ]
 [ -0.87676869 -16.76802195 -25.70926414 -43.02322834 -42.22799147
  -34.43908867 -18.87946     -6.032        0.           0.        ]
 [ -0.88702209 -21.08901898 -25.09276523 -37.64097793 -47.34449321
  -32.73751046 -16.2652       0.           0.           0.        ]]



